|----------------------|
| Info van bestand:  d:\projects\RIVM\RIVM_OPS\calc\Buitenland\NOx_2016_SNAP.brn
|++++++++++++++++++++++|
|         |  emission  |
|Land/Sect|  strenght  |
| iso-code| sum (ton/y)|
|----------------------|
  31    1  2.20229E+04
  31    2  7.50578E+03
  31    3  3.74336E+03
  31    4  1.43995E+03
  31    7  3.15073E+04
  31    8  1.17673E+04
  31    9  7.15808E+02
  31   10  2.36747E+02
  40    1  1.12789E+04
  40    2  1.32961E+04
  40    3  2.38661E+04
  40    4  1.66871E+03
  40    7  7.55100E+04
  40    8  1.74073E+04
  40    9  1.77485E+01
  40   10  1.11936E+04
  51    1  1.25977E+03
  51    2  1.00214E+03
  51    3  3.17997E+02
  51    7  1.48026E+04
  51   10  6.80010E+01
  56    1  1.44929E+04
  56    2  1.69328E+04
  56    3  1.51017E+04
  56    4  2.40940E+04
  56    6  8.78196E+01
  56    7  9.21413E+04
  56    8  1.66397E+04
  56    9  3.04045E+02
  56   10  1.33095E+04
 100    1  2.79119E+04
 100    2  4.02334E+03
 100    3  5.90945E+03
 100    4  3.01425E+04
 100    7  4.24558E+04
 100    8  1.41978E+04
 100    9  3.82845E+02
 100   10  2.34755E+02
 112    1  2.31906E+04
 112    2  9.86131E+03
 112    3  1.77082E+04
 112    4  7.77422E+03
 112    7  5.24872E+04
 112    8  3.14017E+04
 112    9  8.21979E+02
 191    1  6.93225E+03
 191    2  7.19885E+03
 191    3  5.10729E+03
 191    4  1.04925E+03
 191    6  1.50238E+01
 191    7  2.23306E+04
 191    8  7.11682E+03
 191    9  5.99766E+01
 191   10  2.56049E+03
 196    1  4.05553E+03
 196    2  5.10878E+02
 196    3  2.72014E+03
 196    7  6.07241E+03
 196    8  1.36018E+03
 196   10  2.23798E+02
 203    1  4.84292E+04
 203    2  2.26199E+04
 203    3  2.04710E+04
 203    4  3.16684E+03
 203    7  3.50136E+04
 203    8  3.38055E+04
 203    9  1.05500E+03
 208    1  1.67676E+04
 208    2  5.90593E+03
 208    3  5.35333E+03
 208    4  2.32001E+01
 208    6  3.63272E+01
 208    7  3.50952E+04
 208    8  3.30532E+04
 208    9  2.22990E+02
 208   10  1.86966E+04
 233    1  8.60379E+03
 233    2  5.40373E+03
 233    3  1.48142E+03
 233    4  4.48498E+01
 233    5  1.94362E+01
 233    6  3.55303E+00
 233    7  7.83425E+03
 233    8  5.45565E+03
 233    9  2.87787E+01
 233   10  2.41787E+03
 246    1  2.70184E+04
 246    2  1.07348E+04
 246    3  2.64977E+04
 246    4  5.29131E+02
 246    6  7.02601E+00
 246    7  3.28455E+04
 246    8  2.37266E+04
 246   10  9.36125E+03
 250    1  3.98725E+04
 250    2  9.44446E+04
 250    3  8.54496E+04
 250    4  8.54337E+03
 250    6  9.28928E+02
 250    7  4.85342E+05
 250    8  1.21359E+05
 250    9  2.18895E+03
 250   10  3.39484E+03
 268    2  3.40928E+03
 268    3  2.72907E+03
 268    7  2.84513E+04
 268    8  1.07189E+03
 268    9  8.77949E+00
 268   10  2.05503E+03
 276    1  2.96103E+05
 276    2  8.67039E+04
 276    3  7.39571E+04
 276    4  8.61682E+04
 276    5  3.46448E+01
 276    6  4.39601E+02
 276    7  4.31209E+05
 276    8  1.16433E+05
 276    9  8.44268E+02
 276   10  1.26405E+05
 300    1  8.43625E+04
 300    2  7.09406E+03
 300    3  2.33084E+04
 300    4  7.84640E+02
 300    7  6.84491E+04
 300    8  5.74218E+04
 300    9  2.69927E+01
 300   10  1.81850E+04
 348    1  1.30108E+04
 348    2  1.68486E+04
 348    3  8.50382E+03
 348    4  1.43467E+03
 348    6  2.72987E+01
 348    7  4.40124E+04
 348    8  1.40622E+04
 348    9  1.39845E+02
 348   10  1.84842E+04
 372    1  8.75221E+03
 372    2  7.60730E+03
 372    3  1.13115E+04
 372    7  3.93300E+04
 372    8  1.34916E+04
 372    9  1.06820E+01
 380    1  4.81419E+04
 380    2  8.73737E+04
 380    3  6.49105E+04
 380    4  8.49946E+03
 380    7  3.71091E+05
 380    8  1.25795E+05
 380    9  2.44088E+03
 380   10  5.29786E+04
 428    1  4.41804E+03
 428    2  3.28906E+03
 428    3  2.58445E+03
 428    4  1.40630E+03
 428    6  3.32368E+00
 428    7  1.11704E+04
 428    8  7.52133E+03
 428    9  2.00015E+00
 428   10  4.40443E+03
 440    1  4.80982E+03
 440    2  2.79457E+03
 440    3  4.17155E+03
 440    4  5.58027E+02
 440    7  2.62997E+04
 440    8  5.85705E+03
 440    9  2.60392E+00
 440   10  9.68761E+03
 442    1  6.12429E+02
 442    2  1.34252E+03
 442    3  3.35245E+03
 442    7  1.19912E+04
 442    8  1.54674E+03
 442   10  1.00320E+03
 470    1  9.78247E+02
 470    2  5.42041E+01
 470    3  2.41534E+02
 470    7  2.28463E+03
 470    8  1.23022E+03
 470    9  5.68626E+00
 578    1  4.74040E+04
 578    2  1.82537E+03
 578    3  4.73944E+03
 578    4  1.15589E+04
 578    6  9.71507E+00
 578    7  3.11002E+04
 578    8  4.65217E+04
 578    9  8.83678E+02
 578   10  7.37404E+03
 616    1  1.97110E+05
 616    2  9.66303E+04
 616    3  5.40489E+04
 616    4  2.49020E+04
 616    6  1.76284E-01
 616    7  2.31145E+05
 616    8  7.50933E+04
 616    9  3.59134E+03
 616   10  4.39204E+04
 620    1  2.04298E+04
 620    2  7.01301E+03
 620    3  2.86322E+04
 620    4  6.10441E+03
 620    7  6.11878E+04
 620    8  3.08977E+04
 620    9  6.92962E+02
 620   10  5.95832E+03
 642    1  3.85202E+04
 642    2  1.80878E+04
 642    3  2.85635E+04
 642    4  4.09669E+03
 642    7  8.85741E+04
 642    8  1.88617E+04
 642    9  5.97087E+02
 642   10  1.32760E+04
 643    1  4.85854E+05
 643    2  9.74499E+04
 643    3  1.23829E+05
 643    4  1.40794E+05
 643    7  1.11029E+06
 643    8  1.91723E+05
 643    9  3.64310E+04
 643   10  5.62862E+04
 703    1  6.74434E+03
 703    2  1.12979E+04
 703    3  4.62736E+03
 703    4  1.11229E+04
 703    7  2.27017E+04
 703    8  4.57479E+03
 703    9  6.38303E+01
 703   10  5.84043E+03
 705    1  4.03478E+03
 705    2  3.49549E+03
 705    3  3.20138E+03
 705    4  1.03350E+02
 705    7  1.86480E+04
 705    8  4.08424E+03
 705    9  2.20418E+01
 705   10  3.60254E+03
 724    1  1.07989E+05
 724    2  5.18331E+04
 724    3  9.62370E+04
 724    4  6.39901E+03
 724    7  2.59598E+05
 724    8  1.44700E+05
 724    9  3.89449E+04
 724   10  5.97799E+04
 752    1  1.49816E+04
 752    2  4.66223E+03
 752    3  1.42455E+04
 752    4  1.22469E+04
 752    5  2.26003E+02
 752    6  7.23251E+00
 752    7  4.62570E+04
 752    8  2.50839E+04
 752    9  1.44347E+02
 752   10  1.29312E+04
 756    1  2.72011E+03
 756    2  8.44418E+03
 756    3  6.50043E+03
 756    4  2.59077E+02
 756    6  3.14356E-01
 756    7  3.20750E+04
 756    8  9.38608E+03
 756    9  3.77452E+02
 756   10  3.10917E+03
 792    1  3.10279E+05
 792    2  1.17606E+05
 792    3  1.30250E+05
 792    4  3.82232E+03
 792    7  1.09699E+05
 792    8  3.09930E+04
 792    9  6.07996E+01
 804    1  1.80142E+05
 804    2  2.33476E+04
 804    3  2.58385E+04
 804    4  2.75241E+04
 804    5  1.17692E+04
 804    7  1.37713E+05
 804    8  9.84700E+03
 804    9  1.01765E+03
 804   10  6.87247E+01
 807    1  8.86981E+03
 807    2  9.04402E+02
 807    3  3.48965E+03
 807    4  2.25059E+01
 807    7  6.20277E+03
 807    8  1.64097E+03
 807    9  4.34284E+01
 807   10  3.91596E+02
 826    1  2.02049E+05
 826    2  6.20816E+04
 826    3  1.09269E+05
 826    4  1.34596E+03
 826    5  1.60552E+02
 826    7  3.22765E+05
 826    8  2.07597E+05
 826    9  3.18992E+03
 891    1  7.22263E+04
 891    2  8.37899E+03
 891    3  8.41266E+03
 891    4  2.12230E+03
 891    6  7.48479E+01
 891    7  3.51294E+04
 891    8  7.61638E+03
 891    9  2.81461E+00
 891   10  1.06670E+04
------------------------------------------------------------------------------------------------------- 
