|----------------------|
| Info van bestand:  d:\projects\RIVM\RIVM_OPS\calc\Alles\Alle_Nederlandse_NOx-bronnen_voor_het_jaar_2017_per_GCN-sector\NOx_17_nl.brn
|++++++++++++++++++++++|
|         |  emission  |
|Land/Sect|  strenght  |
| iso-code| sum (ton/y)|
|----------------------|
 528 1100  3.33149E+03
 528 1200  4.76057E+03
 528 1300  9.09939E+03
 528 1400  3.65657E+03
 528 1500  6.24357E+03
 528 1700  1.00141E+03
 528 1800  1.53663E+03
 528 2100  1.35142E+04
 528 2210  2.82592E+02
 528 2220  3.42869E+03
 528 3111  1.36214E+04
 528 3112  9.11501E+03
 528 3113  7.01197E+03
 528 3121  9.39133E+03
 528 3122  4.59943E+03
 528 3123  3.16773E+03
 528 3131  1.44864E+04
 528 3132  7.17781E+03
 528 3133  5.61278E+03
 528 3141  1.47749E+02
 528 3142  4.45084E+02
 528 3143  1.31569E+03
 528 3151  4.38819E+02
 528 3152  3.18575E+02
 528 3153  2.76848E+02
 528 3510  7.84377E+03
 528 3520  1.04735E+04
 528 3530  1.72007E+02
 528 3540  8.60879E+02
 528 3611  2.74212E+03
 528 3612  1.28074E+02
 528 3613  5.35313E+01
 528 3614  2.66667E+01
 528 3615  7.04037E+00
 528 3616  2.23983E+00
 528 3617  8.54045E+00
 528 3621  6.69225E+02
 528 3622  4.13122E+01
 528 3623  2.00285E+01
 528 3624  6.02968E+00
 528 3625  2.33650E+00
 528 3626  2.87009E-01
 528 3700  2.10267E+03
 528 3811  6.30164E+03
 528 3812  1.10499E+04
 528 3813  6.89100E+03
 528 3814  2.55372E+04
 528 3815  6.46906E+03
 528 3816  1.33624E+04
 528 3817  7.99624E+02
 528 3818  1.53079E+03
 528 3819  2.98853E+03
 528 3821  5.55835E+02
 528 3822  2.25749E+03
 528 3823  6.04014E+02
 528 3824  5.49155E+03
 528 3825  1.11700E+03
 528 3826  2.06200E+03
 528 3827  1.45479E+02
 528 3828  2.93141E+02
 528 3829  1.76362E+03
 528 3831  7.17818E+02
 528 3832  8.38652E+02
 528 3833  4.15117E+02
 528 3834  1.34916E+03
 528 3835  3.79061E+02
 528 3836  3.27581E+02
 528 3837  2.14218E+02
 528 3838  2.52367E+02
 528 3839  2.03947E+03
 528 3850  2.61369E+03
 528 3861  1.37639E+04
 528 3862  2.54137E+03
 528 3863  6.48027E+03
 528 3864  9.47132E+02
 528 3865  1.80001E+03
 528 3880  2.34021E+03
 528 4110  3.65415E+03
 528 4310  2.76266E+03
 528 4320  5.00848E+03
 528 5000  3.87346E+03
 528 6100  3.46201E+02
 528 6200  6.90439E+00
 528 6400  6.15927E+03
 528 7000  6.31043E+02
 528 8110  4.92443E+03
 528 8120  2.34700E+03
 528 8200  1.63508E+02
------------------------------------------------------------------------------------------------------- 
