|----------------------|
| Info van bestand:  d:\projects\RIVM\RIVM_OPS\calc\Alles\Alle_buitenlandse_NH3-bronnen_voor_het_jaar_2016_per_SNAP-sector\NH3_2016_SNAP.brn
|++++++++++++++++++++++|
|         |  emission  |
|Land/Sect|  strenght  |
| iso-code| sum (ton/y)|
|----------------------|
  31    2  6.28446E+01
  31    7  1.37353E+03
  31    8  4.23588E+01
  31   10  7.06325E+04
  40    1  4.24086E+02
  40    2  5.91036E+02
  40    3  4.10347E+02
  40    4  8.66891E+01
  40    6  4.18248E+01
  40    7  1.25214E+03
  40    8  6.32300E+00
  40    9  1.26052E+03
  40   10  6.37932E+04
  51   10  2.04997E+04
  56    1  2.13735E+02
  56    2  1.45130E+03
  56    3  1.12773E+02
  56    4  1.51363E+03
  56    6  1.90155E+02
  56    7  9.16398E+02
  56    8  4.33940E+00
  56    9  1.86879E+02
  56   10  6.33690E+04
 100    2  2.22344E+03
 100    4  3.28129E+03
 100    7  8.98929E+02
 100    8  1.20300E+00
 100    9  1.59963E+03
 100   10  4.22816E+04
 112    1  6.00064E+00
 112    2  3.10012E+01
 112    3  5.00003E+00
 112    4  1.38008E+03
 112    7  1.50004E+01
 112    8  5.00003E+00
 112    9  9.37166E+03
 112   10  1.25254E+05
 191    1  1.09122E+01
 191    2  2.24106E+03
 191    3  3.04356E+01
 191    4  2.22944E+03
 191    6  3.38707E+01
 191    7  5.08988E+02
 191    8  2.64776E+00
 191    9  6.07466E+02
 191   10  2.93486E+04
 196    2  8.47846E+00
 196    7  2.01942E+02
 196    8  8.36209E-02
 196    9  6.41188E+00
 196   10  5.32221E+03
 203    1  4.46849E+01
 203    3  1.30364E+02
 203    4  2.08427E+02
 203    7  2.14626E+03
 203    8  1.88253E+00
 203    9  2.20051E+02
 203   10  6.54712E+04
 208    1  1.51772E+01
 208    2  1.85919E+03
 208    4  3.00822E+02
 208    6  3.09893E+01
 208    7  9.94901E+02
 208    8  6.84016E+00
 208    9  1.16225E+03
 208   10  7.07688E+04
 233    1  3.98462E+02
 233    2  3.70214E+02
 233    4  7.09148E+01
 233    5  1.41880E+02
 233    6  1.16849E+01
 233    7  1.47212E+02
 233    8  1.15402E+00
 233    9  5.94203E+01
 233   10  1.05628E+04
 246    1  2.04020E+00
 246    2  8.24857E+02
 246    4  4.64774E+02
 246    6  1.13767E+02
 246    7  1.01619E+03
 246    8  6.87726E+00
 246    9  4.66042E+02
 246   10  2.81318E+04
 250    1  9.45533E+02
 250    3  3.42539E+03
 250    4  4.45106E+03
 250    6  1.00140E+01
 250    7  3.97532E+03
 250    9  4.70729E+03
 250   10  5.91414E+05
 268    2  1.12386E+03
 268    3  2.33839E+00
 268    7  5.86848E+02
 268    8  1.93025E-01
 268   10  3.42572E+04
 276    1  2.47565E+03
 276    2  1.97482E+03
 276    3  8.01875E+02
 276    4  1.12951E+04
 276    6  1.26665E+03
 276    7  1.18308E+04
 276    8  2.38913E+02
 276    9  3.45438E+03
 276   10  6.29233E+05
 300    2  9.16376E+02
 300    3  2.04101E+02
 300    4  2.36205E+03
 300    7  1.49008E+03
 300    8  2.37591E+00
 300    9  4.36857E+01
 300   10  5.13914E+04
 348    1  1.05214E+00
 348    2  5.25124E+03
 348    3  1.95492E+02
 348    4  3.86947E+02
 348    7  1.15221E+03
 348    8  4.35757E+00
 348    9  1.69426E+03
 348   10  7.84165E+04
 372    2  1.01585E+02
 372    3  2.66052E+02
 372    7  7.83840E+02
 372    8  1.34909E+00
 372    9  2.77975E+01
 372   10  1.15532E+05
 380    1  1.58055E+02
 380    2  1.61158E+03
 380    3  8.81901E+02
 380    4  4.50206E+02
 380    7  5.58044E+03
 380    8  2.49903E+01
 380    9  1.08640E+04
 380   10  3.58464E+05
 428    2  1.34098E+03
 428    3  5.25395E+02
 428    6  7.55563E+00
 428    7  1.49956E+02
 428    8  1.27660E+00
 428    9  2.76155E+02
 428   10  1.39474E+04
 440    1  7.80013E+02
 440    2  1.47794E+03
 440    3  1.42575E+02
 440    4  6.35457E+02
 440    7  1.91340E+02
 440    8  7.79701E-01
 440    9  5.31402E+02
 440   10  3.02229E+04
 442    2  5.94732E+01
 442    7  1.82064E+02
 442    8  3.67793E-01
 442   10  6.18929E+03
 470    1  4.30403E+00
 470    7  5.11230E+01
 470    9  2.50721E-01
 470   10  7.44660E+02
 578    2  6.19219E+01
 578    3  3.18933E+01
 578    4  6.80295E+02
 578    7  7.34903E+02
 578    8  5.83738E+00
 578    9  3.25573E+02
 578   10  2.64671E+04
 616    2  5.06410E+02
 616    4  1.32009E+03
 616    6  1.43753E+01
 616    7  4.31127E+03
 616    8  1.39910E+01
 616    9  1.51642E+03
 616   10  2.59428E+05
 620    1  1.51685E+01
 620    3  2.27539E+03
 620    4  3.47981E+03
 620    7  1.02931E+03
 620    8  1.87699E+00
 620    9  1.42825E+03
 620   10  4.57170E+04
 642    1  7.39977E-02
 642    2  8.80803E+03
 642    3  4.49639E-01
 642    4  5.41923E+02
 642    7  1.05632E+03
 642    8  2.94355E+00
 642    9  9.79152E+03
 642   10  1.47070E+05
 643    1  3.13063E+03
 643    2  2.39372E+02
 643    3  1.82036E+04
 643    4  1.38720E+03
 643    7  2.74003E+04
 643    8  6.51453E+01
 643    9  3.56835E+03
 643   10  8.45458E+05
 703    1  6.77132E+01
 703    2  6.52115E-01
 703    3  1.37208E+01
 703    4  5.46333E+02
 703    7  3.98896E+02
 703    8  8.81100E-01
 703    9  4.63733E+02
 703   10  2.89602E+04
 705    2  1.31909E+03
 705    3  1.48687E+02
 705    7  3.04209E+02
 705    8  7.90699E-01
 705    9  2.44527E+01
 705   10  1.66228E+04
 724    1  9.31319E+01
 724    4  3.03919E+04
 724    6  2.54489E-01
 724    7  2.46891E+03
 724    8  3.18771E+01
 724    9  1.83414E+03
 724   10  4.48841E+05
 752    1  3.62985E+02
 752    2  1.62329E+02
 752    3  1.88379E+02
 752    4  2.45940E+03
 752    5  8.46139E+00
 752    6  1.58783E+01
 752    7  1.88004E+03
 752    8  1.12424E+01
 752    9  1.26381E+03
 752   10  4.67471E+04
 756    1  4.21397E+01
 756    2  1.25187E+02
 756    3  2.43458E+02
 756    4  9.70899E+01
 756    6  6.34892E+01
 756    7  1.51830E+03
 756    8  2.73071E+00
 756    9  8.97638E+02
 756   10  5.31739E+04
 792    2  4.78083E+03
 792    4  2.56977E+04
 792    7  5.44166E+02
 792    9  2.01394E+04
 792   10  6.62155E+05
 804    1  6.69059E+01
 804    2  4.03639E+01
 804    3  5.04986E+00
 804    4  2.80458E+03
 804    5  1.26491E+01
 804    9  6.85378E+02
 804   10  1.48422E+04
 807    2  8.29088E+02
 807    5  1.59606E+02
 807    7  1.00396E+02
 807    8  2.88002E-01
 807    9  1.05698E+00
 807   10  9.43226E+03
 826    1  1.81657E+02
 826    2  2.17551E+03
 826    3  2.11285E+03
 826    4  2.71372E+03
 826    6  1.32653E+03
 826    7  4.77872E+03
 826    8  5.14376E+01
 826    9  1.01190E+04
 826   10  2.53045E+05
 891    2  2.60955E+03
 891    4  2.26002E+03
 891    6  1.73191E+02
 891    7  4.16035E+02
 891    8  1.34403E+00
 891    9  4.37083E+03
 891   10  5.47230E+04
------------------------------------------------------------------------------------------------------- 
