|----------------------|
| Info van bestand:  d:\projects\RIVM\RIVM_OPS\calc\Alles\Alle_Nederlandse_NH3-bronnen_voor_het_jaar_2017_per_GCN-sector\NH3_17_nl.brn
|++++++++++++++++++++++|
|         |  emission  |
|Land/Sect|  strenght  |
| iso-code| sum (ton/y)|
|----------------------|
 528 1100  3.67212E+02
 528 1300  7.25971E+02
 528 1400  3.43966E+02
 528 1500  3.04265E+01
 528 1700  2.31807E+00
 528 1800  5.28544E+01
 528 2100  2.20384E+01
 528 3111  2.01657E+03
 528 3112  1.27794E+03
 528 3113  7.20880E+02
 528 3121  3.58340E+01
 528 3122  1.94153E+01
 528 3123  9.68006E+00
 528 3131  2.46456E+02
 528 3132  5.86428E+01
 528 3133  2.65950E+01
 528 3141  7.45469E-01
 528 3142  1.99439E+00
 528 3143  3.51374E+00
 528 3151  1.87056E+00
 528 3152  2.75645E+00
 528 3153  2.76458E+00
 528 3510  3.90400E+00
 528 3520  5.08043E+00
 528 3530  2.32841E-02
 528 3540  5.71459E-01
 528 3621  8.16467E-02
 528 3622  7.74840E-03
 528 3623  3.19460E-03
 528 3624  9.23059E-04
 528 3625  3.72755E-04
 528 3700  2.69570E-01
 528 3811  8.23180E-01
 528 3812  1.68543E+00
 528 3813  9.07823E-01
 528 3814  3.38191E+00
 528 3815  1.08497E+00
 528 3816  1.92391E+00
 528 3817  9.36707E-02
 528 3818  2.58535E-01
 528 3819  5.63604E-01
 528 3821  7.33725E-02
 528 3822  3.42790E-01
 528 3823  7.94029E-02
 528 3824  7.39400E-01
 528 3825  1.85755E-01
 528 3826  3.04903E-01
 528 3827  1.79092E-02
 528 3828  5.07599E-02
 528 3829  3.33111E-01
 528 3831  5.74064E-01
 528 3832  3.26747E-01
 528 3833  9.84440E-02
 528 3834  4.10303E-01
 528 3835  7.95378E-02
 528 3836  8.33291E-02
 528 3837  3.78559E-02
 528 3838  6.80573E-02
 528 3839  4.28244E-01
 528 3850  5.47533E-01
 528 3861  3.28012E+00
 528 3862  6.07734E-01
 528 3863  1.54396E+00
 528 3864  2.26166E-01
 528 3865  3.60003E-01
 528 4111  2.75487E+04
 528 4112  2.63244E+04
 528 4120  3.19371E+03
 528 4130  1.46886E+03
 528 4140  3.96261E+04
 528 4200  1.06605E+04
 528 4400  4.16650E+03
 528 5000  5.42136E+02
 528 6400  5.75194E+02
 528 8200  1.04008E+04
------------------------------------------------------------------------------------------------------- 
