|----------------------|
| Info van bestand:  D:\projects\RIVM\RIVM_OPS\calc\Verkeer\Scheepvaart\emissies.brn
|++++++++++++++++++++++|
|         |  emission  |
|Land/Sect|  strenght  |
| iso-code| sum (ton/y)|
|----------------------|
 528 3811  6.30246E+03
 528 3812  1.10516E+04
 528 3813  6.89190E+03
 528 3814  2.55402E+04
 528 3815  6.47001E+03
 528 3816  1.33640E+04
 528 3817  7.99705E+02
 528 3818  1.53102E+03
 528 3819  2.98890E+03
 528 3831  7.18391E+02
 528 3832  8.38979E+02
 528 3833  4.15215E+02
 528 3834  1.34957E+03
 528 3835  3.79141E+02
 528 3836  3.27664E+02
 528 3837  2.14256E+02
 528 3838  2.52435E+02
 528 3839  2.03990E+03
 528 3850  2.61416E+03
 528 3861  1.37670E+04
 528 3862  2.54195E+03
 528 3863  6.48172E+03
 528 3864  9.47350E+02
 528 3865  1.80035E+03
 528 3880  2.34021E+03
------------------------------------------------------------------------------------------------------- 
