|----------------------|
| Info van bestand:  d:\projects\RIVM\RIVM_OPS\calc\Verkeer\Luchtvaart\emissies.brn
|++++++++++++++++++++++|
|         |  emission  |
|Land/Sect|  strenght  |
| iso-code| sum (ton/y)|
|----------------------|
 528 3611  2.74212E+03
 528 3612  1.28074E+02
 528 3613  5.35313E+01
 528 3614  2.66667E+01
 528 3615  7.04037E+00
 528 3616  2.23983E+00
 528 3617  8.54045E+00
 528 3621  6.69307E+02
 528 3622  4.13199E+01
 528 3623  2.00317E+01
 528 3624  6.03061E+00
 528 3625  2.33687E+00
 528 3626  2.87009E-01
------------------------------------------------------------------------------------------------------- 
