|----------------------|
| Info van bestand:  d:\projects\RIVM\RIVM_OPS\calc\Verkeer\Wegverkeer\emissies.brn
|++++++++++++++++++++++|
|         |  emission  |
|Land/Sect|  strenght  |
| iso-code| sum (ton/y)|
|----------------------|
 528 3111  1.56380E+04
 528 3112  1.03928E+04
 528 3113  7.73281E+03
 528 3121  9.42717E+03
 528 3122  4.61885E+03
 528 3123  3.17741E+03
 528 3131  1.47329E+04
 528 3132  7.23645E+03
 528 3133  5.63937E+03
 528 3141  1.48495E+02
 528 3142  4.47078E+02
 528 3143  1.31920E+03
 528 3151  4.40690E+02
 528 3152  3.21332E+02
 528 3153  2.79613E+02
------------------------------------------------------------------------------------------------------- 
